[
-6825.7331,
-6837.7707,
-6885.5994,
-6917.2045,
-6959.0744,
-6939.1112,
-6944.3446,
-7058.7322,
-7042.5712,
-7027.1653,
-7041.1846,
-7043.1568,
-7036.7836,
-7061.6304,
-7057.1383,
-7053.9705,
-7044.0279,
-7034.7755,
-7077.5104,
-7015.4443,
-7096.3820,
-7097.2530,
-7079.6481,
-7025.6995,
-7035.1289,
-7100.2094,
-7169.0453,
-7165.1109,
-7156.0619,
-7140.0851,
-7140.1150,
-7105.7101,
-7149.8521,
-7087.8245,
-7081.0151,
-7053.2984,
-7078.8352,
-7095.9769,
-7051.3427,
-7101.2426,
-7130.9451,
-7094.8072,
-7097.2530,
-7086.1438,
-7050.4072,
-7059.2671,
-7089.2111,
-7090.0640,
-7113.7387,
-7147.7585,
-7126.9730,
-7096.8727,
-7139.4298,
-7080.7906,
-7024.8291,
-7045.5922,
-7093.4095,
-7061.3525,
-7063.2021,
-7095.3427,
-7055.0579,
-7085.5838,
-7125.7681,
-7097.2530,
-7061.6091,
-7079.3518,
-7017.1236,
-7062.2333,
-7077.1282,
-7073.0536,
-7064.6716,
-7042.8373,
-7081.3217,
-7069.0401,
-7032.4094,
-7027.8127,
-7044.5750,
-7058.1874,
-7030.9101,
-7027.4890,
-7085.0142,
-7020.6684,
-7090.3591,
-7116.9226,
-7097.2530,
-7077.3933,
-7101.6162,
-7159.3534,
-7086.0321,
-7070.0249,
-6961.0679,
-6988.5836,
-7075.2232,
-7047.2929,
-7053.1803,
-7074.8638,
-7055.3591,
-7032.0162,
-6992.2138,
-7025.6116,
-7074.7024,
-7073.8519,
-7075.9556,
-7093.7072,
-7039.8741,
-7097.2530,
-7119.8610,
-7110.7682,
-7073.0930,
-7060.1415,
-7001.3798,
-7011.2061,
-7001.5265,
-7009.4747,
-7036.7587,
-7052.6008,
-7005.0774,
-7052.7850,
-7103.9597,
-7125.7626,
-7156.4420,
-7155.3535,
-7183.8828,
-7097.8359,
-7104.3626,
-7085.7341,
-7097.2530,
-7129.3974,
-7138.2855,
-7103.0893,
-7068.2804,
-7053.5157,
-7087.2570,
-7122.4755,
-7139.2223,
-7123.9090,
-7113.7691,
-7106.6766,
-7114.7589,
-7063.4435,
-7082.9086,
-7145.1249,
-7139.0677,
-7162.9223,
-7164.3830,
-7159.4229,
-7208.5157,
-7097.2530,
-7091.7467,
-7020.4628,
-7013.9038,
-7099.8132,
-7047.4081,
-7089.2282,
-7038.1736,
-7083.6179,
-7107.4435,
-7069.6317,
-7090.5000,
-7116.6428,
-7009.3078,
-6979.2979,
-7026.3918,
-7032.9678,
-7093.7122,
-7050.2966,
-7008.9391,
-7053.3493,
-7097.2530,
-7109.4343,
-7115.9281,
-7084.0001,
-7109.5584,
-7043.2736,
-7042.8044,
-7070.4745,
-7055.6314,
-7043.5055,
-7055.5862,
-7104.2176,
-7129.1869,
-7141.4771,
-7140.1783,
-7173.1569,
-7114.5765,
-7064.7168,
-7062.5223,
-7057.0705,
-7018.9040,
-7097.2530,
-7073.2623,
-7054.8524,
-7101.4792,
-7134.6916,
-7110.6076,
-7090.5673,
-7094.6833,
-7087.1485,
-7111.7807,
-7152.2026,
-7094.1806,
-7111.6990,
-7127.2892,
-7057.3905,
-7072.3743,
-7028.7992,
-7017.8418,
-7031.0355,
-7046.7902,
-6993.5488,
-7097.2530,
-7003.2851,
-7016.7246,
-6987.2743,
-7002.8339,
-6982.2561,
-7055.7597,
-7000.9683,
-6936.0924,
-6980.4309,
-7000.9161,
-7011.4923,
-7051.9769,
-7091.7094,
-7107.9443,
-7046.0497,
-7020.2954,
-7005.4833,
-7016.5293,
-6983.1264,
-6996.6048,
]
