[
-5743.2102,
-5809.2612,
-5869.2319,
-5838.1329,
-5872.0530,
-5943.6514,
-6039.4651,
-5925.8899,
-5978.7423,
-5951.4806,
-5897.4708,
-5902.1881,
-5982.2384,
-5979.2626,
-6011.0288,
-6050.9120,
-6047.4194,
-6015.4989,
-6076.5598,
-6105.5013,
-6129.4313,
-6129.5153,
-6107.6906,
-6069.5213,
-6129.0415,
-6132.5428,
-6205.8769,
-6088.3562,
-6115.7613,
-6152.5278,
-6054.9799,
-6087.4574,
-6079.2704,
-6073.5229,
-6049.6370,
-6077.4297,
-6113.2878,
-6128.7017,
-6191.5059,
-6177.6756,
-6119.6273,
-6099.8279,
-6129.5153,
-6123.9781,
-6092.5020,
-6059.1822,
-6001.8424,
-6092.7357,
-6067.2984,
-6056.6093,
-6017.5050,
-6005.5335,
-6028.7754,
-6016.6707,
-6055.7010,
-6047.8559,
-6019.7058,
-6085.0137,
-6083.1321,
-6068.8011,
-6070.1894,
-6056.2022,
-6036.3643,
-6129.5153,
-6162.5839,
-6161.3903,
-6170.6735,
-6131.1319,
-6156.9605,
-6116.3067,
-6066.7682,
-6032.4317,
-5961.5690,
-6017.9091,
-6048.0948,
-6036.7567,
-6046.0185,
-5982.6366,
-6008.4877,
-5956.6336,
-5999.7948,
-6029.2702,
-6051.2510,
-6055.5211,
-6129.5153,
-6178.5576,
-6157.1656,
-6117.1284,
-6092.2110,
-6045.0543,
-6094.6633,
-6024.6453,
-5995.5320,
-5988.8422,
-5978.6168,
-6049.5307,
-6068.6659,
-6062.5690,
-6055.0028,
-6012.1322,
-6070.1494,
-6105.9180,
-6101.1477,
-6094.8825,
-6107.5120,
-6129.5153,
-6139.8396,
-6156.2560,
-6116.2291,
-6078.6371,
-6099.5200,
-6152.5836,
-6104.7848,
-6143.7430,
-6108.1534,
-6102.0121,
-6085.6990,
-6097.9615,
-6132.4357,
-6099.9579,
-6057.8507,
-6057.0476,
-6023.7724,
-6028.1736,
-6000.8061,
-5933.5206,
-6129.5153,
-6157.9974,
-6172.7847,
-6207.2731,
-6256.4997,
-6225.1218,
-6186.8209,
-6185.7870,
-6157.0497,
-6079.4496,
-6124.3814,
-6035.9441,
-6088.5394,
-6097.5195,
-6054.3319,
-5990.7741,
-6024.3229,
-5984.5151,
-5995.5637,
-5989.9219,
-5982.8468,
-6129.5153,
-6173.0533,
-6142.5023,
-6109.5010,
-6089.7302,
-6031.9319,
-5994.7490,
-6055.1290,
-6046.6475,
-6083.1155,
-6091.2106,
-6087.5439,
-6059.3333,
-6064.1042,
-6134.9398,
-6135.2975,
-6136.8499,
-6153.2770,
-6112.8393,
-6174.3439,
-6125.4524,
-6129.5153,
-6143.0400,
-6119.6632,
-6131.3238,
-6123.0335,
-6118.2874,
-6055.4180,
-6055.0069,
-6047.4297,
-6058.4739,
-6086.2083,
-6086.2546,
-6116.3388,
-6081.0602,
-6096.6259,
-6090.9744,
-6042.8889,
-6100.5717,
-6067.9252,
-6113.4131,
-6047.5623,
-6129.5153,
-6124.9792,
-6119.0126,
-6026.7101,
-6043.4409,
-6020.0425,
-6093.1166,
-6063.2647,
-6036.4283,
-6066.5144,
-6089.6423,
-6118.0003,
-6028.2303,
-5986.7343,
-5995.7805,
-6028.6214,
-6068.5596,
-6045.1829,
-6068.0722,
-6048.1988,
-6043.3216,
-6129.5153,
-6075.3254,
-6131.2700,
-6065.6722,
-6076.4507,
-6086.9193,
-6147.8674,
-6041.5705,
-6012.7654,
-5969.1187,
-6026.1738,
-6130.6746,
-6078.5532,
-6127.5028,
-6135.3102,
-6131.5818,
-6097.3433,
-6058.4912,
-6099.4072,
-6056.0958,
-5980.8438,
]
