[
-6450.6854,
-6533.1838,
-6531.3568,
-6581.9720,
-6682.3233,
-6660.9598,
-6643.3810,
-6716.4513,
-6666.5368,
-6645.9253,
-6689.3583,
-6726.7912,
-6751.8475,
-6765.8160,
-6703.8183,
-6683.9056,
-6674.7989,
-6727.8111,
-6773.0650,
-6699.1677,
-6649.3664,
-6650.4632,
-6727.0565,
-6722.3664,
-6730.7699,
-6737.5295,
-6784.9684,
-6820.0411,
-6829.7131,
-6833.6875,
-6753.8825,
-6765.8961,
-6754.9549,
-6684.0552,
-6637.3607,
-6589.9904,
-6608.9931,
-6629.4131,
-6600.4489,
-6671.9239,
-6671.4044,
-6672.1518,
-6650.4632,
-6693.1922,
-6722.4211,
-6710.4351,
-6754.0069,
-6682.6606,
-6671.2906,
-6740.6441,
-6725.4636,
-6713.0923,
-6735.8069,
-6817.9303,
-6849.0992,
-6888.1874,
-6842.8331,
-6846.9766,
-6848.2357,
-6809.4456,
-6790.4764,
-6822.3089,
-6765.6985,
-6650.4632,
-6645.2375,
-6658.7403,
-6736.9650,
-6705.4435,
-6689.1123,
-6719.6525,
-6740.7046,
-6766.5358,
-6799.3583,
-6780.6600,
-6814.2683,
-6811.1916,
-6841.0572,
-6826.0854,
-6759.0088,
-6816.8098,
-6825.2675,
-6829.0485,
-6881.0401,
-6838.6996,
-6650.4632,
-6691.6061,
-6658.3897,
-6708.0482,
-6774.4535,
-6714.4388,
-6737.3778,
-6698.3316,
-6756.4671,
-6775.4377,
-6771.8511,
-6655.7590,
-6680.3823,
-6629.7454,
-6594.8950,
-6584.2253,
-6598.2984,
-6659.0900,
-6604.8193,
-6608.6704,
-6501.3282,
-6650.4632,
-6718.6861,
-6748.4980,
-6734.1437,
-6730.5856,
-6769.3718,
-6819.8693,
-6793.9533,
-6672.9780,
-6640.4171,
-6647.2607,
-6698.3192,
-6695.6735,
-6664.5961,
-6719.2972,
-6721.2217,
-6762.3156,
-6735.2577,
-6763.8992,
-6758.5319,
-6741.3292,
-6650.4632,
-6713.3045,
-6691.0551,
-6760.8662,
-6757.0165,
-6729.3236,
-6751.2416,
-6748.2390,
-6812.1280,
-6766.4135,
-6763.6290,
-6757.7644,
-6846.8891,
-6799.5523,
-6708.9115,
-6712.4915,
-6716.2429,
-6674.1323,
-6724.1863,
-6668.8630,
-6699.5943,
-6650.4632,
-6702.8183,
-6749.1142,
-6790.9496,
-6820.2126,
-6830.0300,
-6799.5473,
-6769.7064,
-6781.0236,
-6804.1375,
-6803.7421,
-6711.1599,
-6766.9968,
-6730.6915,
-6734.0165,
-6733.5185,
-6685.9724,
-6684.8199,
-6695.2262,
-6767.3053,
-6755.1619,
-6650.4632,
-6672.3699,
-6637.9430,
-6598.1651,
-6669.5335,
-6746.2616,
-6723.7393,
-6718.4879,
-6828.8832,
-6820.6071,
-6766.5926,
-6688.7695,
-6753.6227,
-6745.1592,
-6766.5627,
-6744.0105,
-6835.0051,
-6815.8093,
-6756.3664,
-6757.7796,
-6726.3467,
-6650.4632,
-6682.7371,
-6701.0345,
-6685.8280,
-6709.1458,
-6724.0972,
-6718.7555,
-6697.8620,
-6764.0970,
-6820.2273,
-6836.6037,
-6852.6225,
-6771.1987,
-6859.4592,
-6793.9292,
-6691.3605,
-6583.2162,
-6627.5929,
-6579.6708,
-6594.6335,
-6648.7101,
-6650.4632,
-6688.1083,
-6612.9127,
-6696.8848,
-6733.9897,
-6736.0569,
-6759.3842,
-6731.7674,
-6745.8952,
-6679.5001,
-6643.4389,
-6649.1203,
-6736.2105,
-6761.5617,
-6768.9426,
-6804.9825,
-6796.8085,
-6765.7814,
-6809.1244,
-6790.9935,
-6819.2443,
]
