[
-6103.7798,
-6165.4786,
-6234.0733,
-6307.2046,
-6306.5409,
-6348.0551,
-6333.8329,
-6396.2483,
-6348.7839,
-6419.8891,
-6443.8738,
-6473.8832,
-6461.5231,
-6372.9930,
-6397.0829,
-6329.4572,
-6368.7952,
-6355.2888,
-6335.9166,
-6346.7176,
-6419.1814,
-6420.3586,
-6465.3954,
-6439.8427,
-6427.4224,
-6389.6120,
-6341.5508,
-6336.7988,
-6371.5519,
-6379.7865,
-6423.5435,
-6419.9305,
-6397.7890,
-6395.2953,
-6394.8231,
-6412.6147,
-6369.0114,
-6341.1788,
-6294.4880,
-6339.3761,
-6408.9376,
-6456.0526,
-6420.3586,
-6480.1963,
-6469.8225,
-6418.8981,
-6398.8481,
-6369.3450,
-6355.6311,
-6399.8675,
-6336.4886,
-6289.5131,
-6335.7279,
-6380.6513,
-6420.0299,
-6379.5558,
-6356.2008,
-6425.0350,
-6451.5396,
-6464.8779,
-6389.7828,
-6325.0844,
-6316.6825,
-6420.3586,
-6448.4850,
-6402.4719,
-6400.9102,
-6406.6868,
-6402.7931,
-6400.9205,
-6448.9684,
-6471.9279,
-6447.9542,
-6353.2692,
-6358.3793,
-6301.7934,
-6353.4312,
-6365.5502,
-6357.7496,
-6414.9380,
-6389.8139,
-6320.9958,
-6340.6734,
-6403.1474,
-6420.3586,
-6410.7157,
-6445.2513,
-6433.9609,
-6422.2246,
-6422.8490,
-6392.2608,
-6354.8671,
-6359.9492,
-6293.5753,
-6360.9669,
-6315.1349,
-6395.7711,
-6350.2794,
-6398.0847,
-6438.0689,
-6437.7823,
-6468.6223,
-6538.7001,
-6522.9876,
-6479.3065,
-6420.3586,
-6439.1854,
-6483.7458,
-6468.3294,
-6395.9063,
-6367.3891,
-6425.8537,
-6413.5928,
-6375.1495,
-6506.0640,
-6409.1672,
-6419.6674,
-6292.5809,
-6301.1642,
-6360.0987,
-6322.8150,
-6393.3731,
-6326.7828,
-6292.3676,
-6210.2934,
-6226.4139,
-6420.3586,
-6393.3125,
-6412.8145,
-6392.7952,
-6430.2718,
-6421.4747,
-6358.6992,
-6326.2201,
-6339.6790,
-6355.5882,
-6299.0582,
-6391.9711,
-6363.1349,
-6379.8609,
-6401.0194,
-6377.4285,
-6444.3556,
-6416.0344,
-6457.5259,
-6414.0720,
-6381.3428,
-6420.3586,
-6371.2394,
-6373.4657,
-6275.6927,
-6274.5975,
-6278.9082,
-6287.3010,
-6256.7719,
-6280.5031,
-6326.8517,
-6389.1413,
-6414.0822,
-6457.4513,
-6474.3940,
-6401.5920,
-6409.7315,
-6381.3935,
-6355.9041,
-6296.5738,
-6352.3586,
-6345.7789,
-6420.3586,
-6415.4352,
-6452.8836,
-6402.7289,
-6462.4400,
-6420.3122,
-6397.8154,
-6475.1234,
-6468.2806,
-6356.3942,
-6372.0356,
-6311.4691,
-6333.9829,
-6334.4031,
-6287.1352,
-6291.8575,
-6252.3060,
-6352.6885,
-6307.3902,
-6311.8818,
-6301.5487,
-6420.3586,
-6420.9693,
-6422.5065,
-6466.1491,
-6513.0435,
-6437.0762,
-6398.8512,
-6331.4786,
-6374.7603,
-6441.9492,
-6410.3774,
-6451.3783,
-6460.0061,
-6495.8951,
-6460.1065,
-6451.8415,
-6342.1457,
-6308.0219,
-6296.2701,
-6273.8975,
-6250.2970,
-6420.3586,
-6442.8978,
-6394.9794,
-6401.3310,
-6374.4013,
-6318.6854,
-6324.1406,
-6374.8538,
-6381.1576,
-6355.6385,
-6393.7693,
-6312.5251,
-6340.9063,
-6317.8583,
-6320.7646,
-6392.7033,
-6369.7840,
-6332.5774,
-6329.9676,
-6322.9997,
-6402.4311,
]
