[
-6564.9199,
-6686.4292,
-6710.0516,
-6753.7269,
-6727.0368,
-6761.1554,
-6772.2119,
-6768.8306,
-6735.0959,
-6810.2089,
-6839.3799,
-6914.4444,
-6896.3949,
-6886.7492,
-6956.7593,
-6960.4075,
-6954.5832,
-6954.8434,
-6940.7229,
-6965.3992,
-6959.0020,
-6959.1345,
-6947.2510,
-6917.5875,
-6956.3269,
-6921.4309,
-6924.2264,
-6982.5601,
-6981.2331,
-6998.8608,
-6965.1015,
-6909.7772,
-6888.2656,
-6887.0827,
-6852.5532,
-6862.2951,
-6879.3244,
-6826.9211,
-6870.6052,
-6923.0813,
-6873.2465,
-6897.8596,
-6959.1345,
-6915.9455,
-6888.4512,
-6923.0788,
-6870.0785,
-6856.2757,
-6861.7474,
-6799.1374,
-6806.2234,
-6832.0407,
-6774.3236,
-6777.5574,
-6847.5602,
-6891.7713,
-6925.2190,
-6886.4630,
-6902.3167,
-6925.8346,
-6928.5411,
-6906.6800,
-6935.1206,
-6959.1345,
-6980.3480,
-6976.1254,
-6971.9178,
-6953.1306,
-6916.6730,
-6880.2137,
-6887.4492,
-6917.2549,
-6963.5410,
-6884.8405,
-6936.7611,
-6867.0973,
-6930.1447,
-6930.5267,
-6913.0886,
-6943.2614,
-6961.0182,
-6927.6580,
-6933.6379,
-6910.2653,
-6959.1345,
-6996.3916,
-6958.0256,
-6923.6426,
-6876.4781,
-6889.3035,
-6865.0784,
-6903.8188,
-6841.0362,
-6851.5731,
-6893.8328,
-6912.8845,
-6899.6481,
-6904.5610,
-6896.4456,
-6912.1463,
-6992.0405,
-6957.9871,
-6920.0449,
-6926.9302,
-6937.9639,
-6959.1345,
-6889.6591,
-6935.5291,
-6955.1056,
-6981.5321,
-6945.4415,
-6918.7467,
-7001.2349,
-7023.5692,
-7021.3774,
-6984.6940,
-6982.5753,
-6889.0289,
-6885.4166,
-6911.1271,
-6883.5264,
-6851.5326,
-6898.6138,
-6883.5185,
-6863.4178,
-6847.4661,
-6959.1345,
-6918.2866,
-6916.1108,
-6914.1693,
-6935.1996,
-6904.1833,
-6923.8310,
-7001.1335,
-6990.4970,
-6963.0780,
-6979.7163,
-7009.6606,
-7048.7525,
-6938.0163,
-6911.4171,
-6962.8099,
-6919.0640,
-6908.8815,
-6898.9335,
-6926.0333,
-6954.8469,
-6959.1345,
-6968.9234,
-7001.4184,
-6983.3919,
-7000.5928,
-6989.1280,
-6963.1829,
-6946.1956,
-6977.0010,
-6938.5505,
-6924.0389,
-6889.6007,
-6896.9565,
-6886.2327,
-6883.7159,
-6891.4691,
-6906.5095,
-6871.2272,
-6925.2513,
-6966.5384,
-6887.4880,
-6959.1345,
-6992.5458,
-6909.0797,
-6934.2449,
-6843.0580,
-6894.2430,
-6921.4206,
-6919.3870,
-6935.7498,
-6959.8344,
-6942.7564,
-7004.5467,
-7011.2098,
-6955.0340,
-6961.5969,
-6949.7517,
-6953.0303,
-6925.6600,
-6974.6039,
-6989.6326,
-6988.0710,
-6959.1345,
-7001.6392,
-6963.0687,
-6943.3786,
-6983.1286,
-6974.9700,
-6908.2315,
-6893.6004,
-6853.5682,
-6834.4087,
-6901.2591,
-6892.0880,
-6941.5176,
-6950.0687,
-6913.0304,
-6997.9683,
-6959.7250,
-6921.6159,
-6945.9711,
-6963.6421,
-6934.5213,
-6959.1345,
-6937.4232,
-6941.0579,
-6956.1335,
-6887.5351,
-6873.2910,
-6878.7619,
-6838.6907,
-6822.3065,
-6815.3939,
-6868.9391,
-6939.1049,
-6972.7291,
-6925.2110,
-6925.0165,
-6961.7759,
-6894.8799,
-6875.4993,
-6922.7095,
-6924.2713,
-6885.6512,
]
