[
-5202.4352,
-5241.0017,
-5254.4983,
-5397.8871,
-5390.1908,
-5369.8391,
-5366.0269,
-5334.6277,
-5410.6738,
-5351.2864,
-5341.9434,
-5373.6903,
-5373.8391,
-5414.9861,
-5465.5620,
-5510.5540,
-5454.6076,
-5439.1947,
-5472.1230,
-5557.9696,
-5601.6855,
-5602.5543,
-5606.9690,
-5608.8202,
-5627.8612,
-5607.0958,
-5516.9395,
-5557.8162,
-5486.0535,
-5528.3144,
-5412.9964,
-5512.6427,
-5491.2220,
-5495.8741,
-5512.3052,
-5513.6511,
-5604.9678,
-5471.8881,
-5497.0197,
-5559.9228,
-5528.3372,
-5577.0811,
-5602.5543,
-5617.3694,
-5641.3809,
-5659.5199,
-5715.9284,
-5639.5350,
-5569.4572,
-5562.2418,
-5569.5055,
-5528.5597,
-5474.0247,
-5437.5915,
-5449.4102,
-5513.6851,
-5496.5259,
-5495.2167,
-5455.0356,
-5486.4985,
-5552.4563,
-5565.8897,
-5578.6657,
-5602.5543,
-5583.4408,
-5544.7785,
-5499.1646,
-5541.0268,
-5469.8494,
-5476.1674,
-5464.0660,
-5433.7373,
-5431.1530,
-5465.2936,
-5482.2541,
-5438.9603,
-5412.3363,
-5487.3335,
-5514.1488,
-5476.5377,
-5488.4472,
-5496.9034,
-5482.9630,
-5496.4042,
-5602.5543,
-5601.4117,
-5609.9024,
-5672.3780,
-5608.9485,
-5534.3593,
-5551.1387,
-5604.5501,
-5602.7839,
-5620.0989,
-5621.8628,
-5622.4173,
-5591.0213,
-5604.6854,
-5652.7875,
-5597.9088,
-5549.8190,
-5598.2590,
-5654.9298,
-5604.6712,
-5595.1817,
-5602.5543,
-5558.5841,
-5510.6765,
-5499.2962,
-5493.7077,
-5511.9216,
-5446.7165,
-5568.7801,
-5535.7914,
-5535.8775,
-5568.8437,
-5525.3913,
-5564.2735,
-5595.5093,
-5537.4219,
-5500.2455,
-5480.5140,
-5541.8470,
-5551.3968,
-5551.0046,
-5577.3726,
-5602.5543,
-5572.5689,
-5618.2537,
-5567.6406,
-5511.5395,
-5559.3361,
-5545.1224,
-5553.9650,
-5503.7759,
-5512.7188,
-5530.5419,
-5458.0728,
-5603.7993,
-5659.1553,
-5619.5126,
-5686.9251,
-5623.2036,
-5635.2857,
-5681.3859,
-5614.4695,
-5609.1155,
-5602.5543,
-5530.8596,
-5485.7014,
-5482.9202,
-5520.0637,
-5547.2850,
-5566.4379,
-5553.0707,
-5528.2547,
-5576.5623,
-5657.1954,
-5664.7522,
-5737.9550,
-5702.9922,
-5630.7544,
-5599.1015,
-5531.5170,
-5641.5330,
-5646.2186,
-5606.7688,
-5614.4059,
-5602.5543,
-5626.2625,
-5567.4423,
-5577.7672,
-5542.9959,
-5569.6750,
-5482.9740,
-5525.6155,
-5475.2350,
-5472.7673,
-5408.2974,
-5404.6522,
-5455.9334,
-5440.2532,
-5527.3095,
-5507.7307,
-5623.2381,
-5543.9289,
-5490.9299,
-5382.3180,
-5377.8415,
-5602.5543,
-5564.6106,
-5527.7628,
-5562.2102,
-5558.6713,
-5627.4078,
-5674.1731,
-5635.9526,
-5565.2883,
-5570.6247,
-5531.9287,
-5570.1850,
-5601.1801,
-5571.7658,
-5589.5020,
-5652.6141,
-5656.4007,
-5697.3868,
-5698.5815,
-5662.5472,
-5591.2243,
-5602.5543,
-5567.1523,
-5576.1694,
-5498.3882,
-5486.2396,
-5357.7057,
-5500.3659,
-5582.0975,
-5611.0403,
-5635.4474,
-5570.6597,
-5598.0446,
-5663.8596,
-5635.4630,
-5562.9448,
-5540.2150,
-5576.8221,
-5589.7021,
-5565.7328,
-5523.9835,
-5436.8693,
]
