[
-5349.2250,
-5379.3112,
-5449.1702,
-5566.8742,
-5617.1217,
-5631.9139,
-5617.1895,
-5628.8355,
-5679.9372,
-5677.5879,
-5634.7512,
-5635.9487,
-5671.1795,
-5646.9787,
-5658.0770,
-5710.0215,
-5748.3397,
-5813.0688,
-5811.2733,
-5852.2872,
-5831.1109,
-5831.3807,
-5749.0377,
-5778.8654,
-5821.7895,
-5772.9939,
-5764.6072,
-5777.4250,
-5758.6287,
-5656.4435,
-5668.4083,
-5672.0292,
-5701.2468,
-5672.1645,
-5680.0918,
-5698.5981,
-5761.6134,
-5674.1140,
-5668.9678,
-5607.2145,
-5597.3727,
-5691.5712,
-5831.3807,
-5888.0175,
-5861.1950,
-5859.5570,
-5852.1099,
-5908.5177,
-5899.5642,
-5896.9948,
-5921.3643,
-5812.5406,
-5857.4289,
-5829.5544,
-5768.3263,
-5770.0914,
-5776.9509,
-5721.8525,
-5708.6972,
-5693.4148,
-5670.2099,
-5699.4537,
-5629.8839,
-5831.3807,
-5840.0251,
-5757.3682,
-5738.6111,
-5758.8632,
-5799.1846,
-5770.4237,
-5807.4100,
-5756.7936,
-5815.2075,
-5773.6060,
-5837.2775,
-5783.7986,
-5706.1732,
-5697.9380,
-5649.3966,
-5690.0452,
-5729.6356,
-5699.5429,
-5767.8454,
-5706.5436,
-5831.3807,
-5767.7248,
-5717.3303,
-5788.4307,
-5770.3944,
-5778.1020,
-5778.8262,
-5784.7085,
-5771.1854,
-5759.5635,
-5661.6343,
-5659.7347,
-5714.0638,
-5680.2694,
-5643.4382,
-5668.6504,
-5619.5856,
-5619.2141,
-5617.5760,
-5529.9377,
-5624.8231,
-5831.3807,
-5797.4962,
-5789.0793,
-5799.6631,
-5795.8004,
-5734.1647,
-5764.5359,
-5745.1529,
-5809.1002,
-5781.7349,
-5757.1671,
-5727.5420,
-5792.4747,
-5795.8687,
-5741.9399,
-5635.4364,
-5558.8210,
-5657.0066,
-5667.9469,
-5681.3270,
-5666.8796,
-5831.3807,
-5834.3824,
-5839.6697,
-5767.6812,
-5757.0392,
-5656.3958,
-5681.6637,
-5703.2928,
-5776.0544,
-5725.7583,
-5771.3640,
-5754.3209,
-5670.2377,
-5714.0046,
-5669.3797,
-5725.0595,
-5733.6542,
-5682.8762,
-5742.2191,
-5734.2394,
-5744.8560,
-5831.3807,
-5759.3268,
-5675.5012,
-5728.0031,
-5670.0154,
-5651.3866,
-5644.1059,
-5723.6163,
-5737.8615,
-5670.0386,
-5678.5131,
-5616.0830,
-5608.2413,
-5662.7393,
-5641.4772,
-5645.9956,
-5709.8159,
-5620.9330,
-5653.6777,
-5738.6580,
-5766.5102,
-5831.3807,
-5826.8968,
-5787.1416,
-5804.1719,
-5765.8955,
-5799.8071,
-5721.0087,
-5707.4746,
-5646.0656,
-5712.7359,
-5632.8884,
-5572.5207,
-5502.5503,
-5619.1650,
-5645.7408,
-5701.8813,
-5790.5285,
-5908.4981,
-5811.2260,
-5711.7062,
-5787.7405,
-5831.3807,
-5706.7900,
-5664.5988,
-5709.5063,
-5697.3331,
-5781.7611,
-5783.0476,
-5751.0741,
-5746.8379,
-5680.8288,
-5738.5819,
-5768.0044,
-5775.4623,
-5700.8432,
-5657.8805,
-5683.8546,
-5675.6695,
-5626.7870,
-5638.1387,
-5617.0330,
-5579.7450,
-5831.3807,
-5730.3367,
-5776.8994,
-5835.1369,
-5826.6647,
-5736.3681,
-5670.1453,
-5739.9228,
-5712.3618,
-5776.5901,
-5740.5016,
-5735.9561,
-5778.9468,
-5784.5951,
-5712.3039,
-5740.4814,
-5704.2585,
-5750.0782,
-5767.4391,
-5666.0687,
-5662.2176,
]
