[
-5574.9063,
-5681.4702,
-5747.8787,
-5760.4070,
-5781.1527,
-5725.6020,
-5844.7435,
-5882.9155,
-5831.5548,
-5831.3499,
-5835.3963,
-5797.2677,
-5849.6438,
-5867.1149,
-5857.4380,
-5942.3176,
-5969.8350,
-5990.8814,
-5986.2532,
-5889.0460,
-5880.0330,
-5881.3901,
-6015.7095,
-5935.2824,
-5870.7111,
-5887.9068,
-5867.0040,
-5871.1097,
-5876.9877,
-5907.7930,
-5945.1046,
-5912.1276,
-5903.6959,
-5954.0691,
-5867.2775,
-5885.8177,
-5823.3695,
-5857.9142,
-5922.8346,
-5936.4878,
-5906.8279,
-5957.1172,
-5881.3901,
-5932.2601,
-5956.0647,
-5979.8238,
-5924.0632,
-5946.9563,
-5855.4834,
-5924.8811,
-5863.8062,
-5790.8688,
-5752.9146,
-5770.0089,
-5728.1022,
-5670.8345,
-5745.2902,
-5838.0377,
-5874.1392,
-5943.4074,
-5952.2612,
-5904.4374,
-5937.2124,
-5881.3901,
-5886.2165,
-5884.3186,
-5910.2977,
-5982.8544,
-6008.0811,
-5937.8169,
-5937.9395,
-5884.2130,
-5920.7866,
-5890.0162,
-5859.1085,
-5785.6241,
-5810.2542,
-5831.7906,
-5853.0271,
-5864.0640,
-5849.5456,
-5918.4569,
-5925.7139,
-5933.6051,
-5881.3901,
-5848.3611,
-5825.6964,
-5865.6057,
-5852.4358,
-5813.6607,
-5878.4215,
-5859.6424,
-5886.3831,
-5919.4522,
-5847.8343,
-5914.6582,
-5911.7001,
-5807.2188,
-5755.2051,
-5822.1620,
-5819.1337,
-5795.6069,
-5786.9209,
-5799.4921,
-5841.2748,
-5881.3901,
-5841.3244,
-5781.7817,
-5827.3706,
-5816.8866,
-5867.5309,
-5800.1746,
-5853.6636,
-5850.4701,
-5915.3092,
-5876.9419,
-5862.8741,
-5757.6526,
-5787.1516,
-5842.3850,
-5835.3473,
-5882.4871,
-5852.5313,
-5869.9300,
-5825.7731,
-5854.2350,
-5881.3901,
-5838.2472,
-5886.2689,
-5839.7787,
-5766.7097,
-5695.7274,
-5724.4162,
-5801.6009,
-5891.4961,
-5981.6341,
-5935.3099,
-5952.6585,
-5944.9422,
-5869.6302,
-5940.9746,
-5819.8498,
-5858.9376,
-5856.7645,
-5879.0002,
-5919.1085,
-5844.1320,
-5881.3901,
-5924.1189,
-5937.6757,
-5880.7255,
-5756.5893,
-5806.9027,
-5847.7833,
-5936.9764,
-5956.2533,
-5929.1237,
-5940.8531,
-5981.6397,
-5940.1390,
-5990.7986,
-5955.3315,
-5958.7184,
-5975.6404,
-5971.1455,
-5915.5271,
-5855.8486,
-5890.2033,
-5881.3901,
-5815.4497,
-5896.4484,
-5848.6787,
-5825.0335,
-5842.7967,
-5855.4762,
-5951.1789,
-6012.0202,
-5983.4178,
-6035.3818,
-6006.3660,
-5927.3069,
-5933.4857,
-5929.5105,
-5928.0358,
-5951.3179,
-5916.0159,
-5897.7573,
-5907.4543,
-5868.2994,
-5881.3901,
-5834.2573,
-5829.1755,
-5809.7936,
-5817.4214,
-5894.1833,
-5947.9895,
-5984.0104,
-6030.3172,
-6057.0575,
-5984.1006,
-6008.0584,
-5982.7985,
-5939.1623,
-5956.6678,
-5907.9973,
-5910.2315,
-5888.6266,
-5956.9856,
-6000.1941,
-5941.2566,
-5881.3901,
-5875.1072,
-5854.9354,
-5939.4938,
-5946.6424,
-5964.6515,
-5920.9042,
-6015.1433,
-6062.9588,
-6143.1198,
-5997.2439,
-6000.7325,
-5926.4169,
-5937.3488,
-5881.8616,
-5909.6115,
-5801.7947,
-5820.0970,
-5713.5349,
-5764.8479,
-5835.6994,
]
