[
-6283.1631,
-6321.5547,
-6389.8092,
-6439.4621,
-6416.6866,
-6397.9007,
-6414.8725,
-6519.2524,
-6521.7329,
-6544.4295,
-6580.9480,
-6585.4012,
-6457.7027,
-6525.1055,
-6518.5890,
-6580.4557,
-6579.2824,
-6534.7692,
-6516.5560,
-6587.4386,
-6654.2917,
-6654.3356,
-6656.4189,
-6613.3240,
-6611.4402,
-6594.4811,
-6632.7634,
-6654.7053,
-6643.2220,
-6556.9564,
-6531.7918,
-6582.2330,
-6601.6547,
-6566.8058,
-6508.9992,
-6483.8800,
-6534.3457,
-6631.5024,
-6601.2992,
-6592.8801,
-6572.5717,
-6537.1996,
-6654.3356,
-6589.4053,
-6600.8688,
-6628.6820,
-6609.1945,
-6581.3990,
-6592.6905,
-6554.8746,
-6581.4544,
-6570.4105,
-6564.1441,
-6587.1879,
-6617.8012,
-6664.7499,
-6710.5466,
-6661.7553,
-6696.0292,
-6664.5348,
-6549.6146,
-6557.5541,
-6553.5556,
-6654.3356,
-6623.6889,
-6611.1065,
-6535.7773,
-6568.2031,
-6577.5778,
-6551.0040,
-6551.7785,
-6487.6156,
-6550.4157,
-6511.0571,
-6521.1067,
-6523.2603,
-6547.7665,
-6585.7495,
-6572.7484,
-6631.8250,
-6620.6351,
-6605.0148,
-6595.0792,
-6648.2403,
-6654.3356,
-6661.5476,
-6666.7091,
-6666.7272,
-6699.9390,
-6622.6948,
-6584.4837,
-6594.5135,
-6615.5380,
-6625.1411,
-6647.8353,
-6628.1245,
-6688.6656,
-6648.3980,
-6598.0599,
-6589.1665,
-6645.1241,
-6618.8304,
-6575.0511,
-6610.1608,
-6584.3901,
-6654.3356,
-6622.0645,
-6538.4446,
-6545.5882,
-6579.9260,
-6620.6558,
-6613.9623,
-6566.8964,
-6586.7367,
-6583.5513,
-6549.2369,
-6457.8043,
-6537.1178,
-6528.0932,
-6561.5862,
-6605.6581,
-6619.9899,
-6641.4108,
-6582.7148,
-6562.6724,
-6559.4169,
-6654.3356,
-6603.5640,
-6545.5552,
-6540.0883,
-6561.7769,
-6508.0278,
-6541.0823,
-6602.4786,
-6604.0532,
-6612.1114,
-6587.4116,
-6678.1923,
-6668.5398,
-6708.9328,
-6675.0670,
-6695.5546,
-6665.1742,
-6728.2139,
-6683.0375,
-6684.2598,
-6674.3458,
-6654.3356,
-6657.8423,
-6608.3375,
-6610.8794,
-6627.6272,
-6618.7026,
-6634.6999,
-6553.7965,
-6565.8141,
-6579.5137,
-6594.6602,
-6644.2995,
-6665.8803,
-6616.4337,
-6555.0386,
-6560.8340,
-6631.4827,
-6687.2707,
-6671.3162,
-6627.1054,
-6673.7118,
-6654.3356,
-6681.3710,
-6675.2871,
-6559.0814,
-6548.7578,
-6556.5272,
-6520.4572,
-6577.1778,
-6579.6893,
-6620.1290,
-6554.5303,
-6605.6606,
-6574.3219,
-6532.0275,
-6507.8405,
-6577.5386,
-6497.4730,
-6521.8996,
-6576.8577,
-6595.0247,
-6634.7316,
-6654.3356,
-6661.1556,
-6562.3106,
-6519.3642,
-6476.5726,
-6554.2871,
-6631.0968,
-6647.0513,
-6577.5139,
-6550.1436,
-6648.6747,
-6585.6720,
-6580.6475,
-6543.5080,
-6473.7733,
-6547.1860,
-6561.7483,
-6554.3473,
-6507.5156,
-6477.8866,
-6449.8836,
-6654.3356,
-6659.5551,
-6640.8807,
-6671.5092,
-6696.1661,
-6647.5427,
-6602.6271,
-6582.3363,
-6571.5096,
-6577.4836,
-6604.3840,
-6543.3904,
-6583.0888,
-6516.7418,
-6523.3209,
-6530.5065,
-6535.5704,
-6628.6259,
-6634.8828,
-6639.5450,
-6625.9490,
]
