[
-6026.5051,
-6012.3512,
-6023.9281,
-6098.8091,
-6038.0817,
-6101.2587,
-6079.7000,
-6028.9658,
-6059.3983,
-5992.1530,
-6047.0630,
-6025.0806,
-6053.0693,
-6064.8797,
-6175.6291,
-6160.5990,
-6114.9028,
-6088.8520,
-6200.3585,
-6260.8741,
-6219.1730,
-6220.7288,
-6155.3785,
-6133.7863,
-6171.8000,
-6179.4171,
-6219.8066,
-6166.5685,
-6089.1691,
-6112.0203,
-6077.3515,
-6099.6020,
-6229.1776,
-6193.2993,
-6177.7291,
-6177.0080,
-6189.1009,
-6247.1403,
-6251.1605,
-6206.6349,
-6249.5459,
-6251.9116,
-6220.7288,
-6167.4270,
-6143.2521,
-6176.6376,
-6218.6311,
-6154.3662,
-6174.9508,
-6261.6717,
-6184.3924,
-6240.0608,
-6274.5356,
-6278.5925,
-6240.1962,
-6249.9770,
-6281.7081,
-6339.1811,
-6328.9455,
-6251.6374,
-6226.5801,
-6271.2783,
-6221.9005,
-6220.7288,
-6316.3842,
-6261.3012,
-6310.6427,
-6223.0535,
-6215.6934,
-6215.5427,
-6217.0691,
-6270.4433,
-6324.1893,
-6266.2815,
-6242.1700,
-6249.8271,
-6234.8285,
-6239.3844,
-6184.7684,
-6254.6547,
-6273.8310,
-6291.4232,
-6320.0337,
-6264.2206,
-6220.7288,
-6241.2942,
-6194.7986,
-6189.5873,
-6247.7970,
-6243.0966,
-6246.5405,
-6223.6279,
-6259.6517,
-6191.8320,
-6232.2422,
-6205.2575,
-6199.6526,
-6168.5197,
-6167.6853,
-6277.6757,
-6289.9828,
-6237.9594,
-6176.4908,
-6142.7566,
-6160.4793,
-6220.7288,
-6183.9594,
-6221.3840,
-6217.4217,
-6241.9861,
-6246.7791,
-6268.7816,
-6312.7816,
-6328.9451,
-6329.9744,
-6277.5624,
-6242.3230,
-6173.8742,
-6197.8629,
-6268.7564,
-6235.0175,
-6201.3362,
-6167.1804,
-6217.5271,
-6198.1976,
-6190.9262,
-6220.7288,
-6183.6315,
-6266.9456,
-6290.5958,
-6271.7946,
-6258.8874,
-6228.7666,
-6222.0085,
-6148.9087,
-6138.5981,
-6192.4578,
-6180.0995,
-6179.0921,
-6155.0523,
-6194.5926,
-6211.2046,
-6165.2536,
-6152.3943,
-6189.3744,
-6135.1954,
-6095.4678,
-6220.7288,
-6280.9964,
-6283.9671,
-6271.3299,
-6269.6006,
-6316.8255,
-6334.8023,
-6331.6542,
-6297.2682,
-6353.4352,
-6355.7389,
-6280.5016,
-6230.4398,
-6186.4152,
-6194.3870,
-6175.1280,
-6183.9152,
-6222.0279,
-6233.7772,
-6209.7029,
-6204.6970,
-6220.7288,
-6221.3161,
-6305.5406,
-6227.5855,
-6299.1034,
-6284.7043,
-6297.5479,
-6242.2729,
-6325.9340,
-6345.8715,
-6343.4114,
-6273.3222,
-6274.0119,
-6290.3267,
-6215.0322,
-6216.3508,
-6193.1849,
-6281.2741,
-6268.7966,
-6260.2147,
-6306.3805,
-6220.7288,
-6109.8795,
-6189.5929,
-6206.6643,
-6184.2687,
-6259.6080,
-6276.8278,
-6300.6956,
-6361.2417,
-6272.0679,
-6228.2617,
-6228.1274,
-6190.8786,
-6205.7047,
-6267.4059,
-6197.7986,
-6252.3669,
-6266.7869,
-6140.2245,
-6061.3433,
-6163.9516,
-6220.7288,
-6221.3689,
-6257.2531,
-6331.1159,
-6343.6635,
-6341.8562,
-6293.8890,
-6229.7362,
-6213.7887,
-6213.5113,
-6264.7703,
-6231.2520,
-6196.4740,
-6138.5262,
-6100.8588,
-6110.3968,
-6140.3984,
-6175.4532,
-6186.4394,
-6266.6974,
-6279.5650,
]
